Multiple size <= 100
TEST 1 ARG:64 36 32 33 67 78 15 57 18 28 96 30 84 9 22 77 17 35 95 42 23 4 91 11 90 44 51 58 34 79 65 93 10 27 13 14 19 69 98 40 80 70 54 26 99 55 61 92 38 89 6 20 41 16 46 73 83 53 56 86 21 29 85 37 74 71 52 72 49 68 87 50 82 76 47 97 12 81 60 94 59 5 1 62 3 0 7 8 75 39 24 63 25 2 88 66 48 31 45 43 
TEST 2 ARG:51 14 21 93 41 69 31 56 79 95 20 43 64 99 27 28 30 15 16 7 12 88 80 89 9 1 55 3 32 66 4 70 40 73 71 29 13 53 17 11 23 85 47 54 50 36 42 46 63 68 90 48 97 38 22 78 8 84 92 58 39 10 87 81 91 75 96 18 2 37 45 67 77 60 86 24 76 83 52 65 61 33 26 59 35 72 0 62 19 57 74 5 94 98 34 44 82 25 6 49 
TEST 3 ARG:49 26 20 95 13 53 30 61 17 36 82 85 27 44 6 99 37 0 28 15 93 92 76 51 22 29 24 18 43 80 60 38 96 39 56 25 64 70 52 55 65 71 7 40 9 74 31 33 5 69 46 1 90 63 94 62 54 79 10 4 87 50 3 19 34 77 98 83 21 12 16 88 84 32 58 45 78 2 73 75 11 42 48 72 97 57 59 8 81 67 68 66 86 91 89 23 35 47 14 41 
TEST 4 ARG:19 71 45 69 64 68 23 31 82 15 88 1 66 14 24 26 93 74 35 5 63 54 0 28 32 47 89 50 60 43 65 33 4 83 11 59 94 70 80 95 46 77 42 44 86 13 25 21 73 75 79 78 55 7 53 92 98 34 27 52 40 57 81 36 62 85 72 87 16 67 18 10 39 51 37 29 41 84 91 2 58 90 97 3 6 56 12 22 99 49 17 9 30 76 38 61 96 20 8 48 
TEST 5 ARG:83 92 10 37 74 47 89 6 43 22 2 41 17 53 39 1 19 77 44 13 66 93 8 63 78 55 73 5 94 82 31 45 49 56 96 38 90 50 18 16 99 64 86 20 15 40 87 51 52 69 91 21 80 36 61 23 28 27 97 12 68 26 76 33 35 29 75 62 79 4 58 7 72 95 48 71 3 88 85 59 81 24 0 34 60 42 98 65 9 25 11 54 70 67 84 32 30 14 46 57 
TEST 6 ARG:66 49 40 10 16 1 9 98 32 91 21 31 27 7 95 87 0 96 86 35 25 30 36 39 54 42 12 83 20 26 50 37 94 65 84 69 14 63 76 75 59 44 53 70 62 92 23 97 22 71 6 28 19 74 18 68 24 17 29 2 13 82 88 93 99 89 3 47 48 78 8 77 5 73 55 58 64 43 67 33 85 72 90 57 38 81 4 45 15 79 56 52 11 34 41 61 60 51 46 80 
TEST 7 ARG:38 77 18 8 71 68 65 99 87 26 57 31 48 47 76 11 66 93 35 70 50 25 81 91 22 74 10 53 2 37 49 64 0 96 24 21 97 4 52 62 86 46 5 59 55 95 98 89 41 15 34 20 36 13 80 56 9 67 54 72 33 17 83 3 29 30 39 82 92 23 60 19 27 69 6 40 16 85 42 32 94 90 14 79 75 44 51 1 88 78 45 73 61 12 63 7 84 28 43 58 
TEST 8 ARG:78 90 26 34 4 60 20 32 50 29 5 87 64 21 8 72 76 68 12 39 33 44 24 85 52 91 95 38 71 81 35 7 15 51 30 11 83 17 23 80 10 27 48 94 69 98 75 41 2 43 31 40 61 6 49 77 92 3 58 70 88 28 13 53 0 97 66 19 93 55 62 36 1 57 18 74 14 63 16 99 25 47 79 59 86 67 54 89 82 73 9 84 45 42 22 46 65 56 96 37 
TEST 9 ARG:74 86 96 4 15 84 14 72 87 78 47 82 1 71 70 48 8 17 25 13 29 6 90 37 91 3 36 67 44 73 88 77 50 34 39 11 83 60 59 61 85 0 30 56 10 49 23 43 79 46 24 33 81 68 42 32 22 65 57 2 41 19 27 20 9 69 40 92 95 45 31 89 80 38 12 21 94 64 53 54 7 99 97 76 18 26 52 62 28 66 63 75 35 98 55 58 51 5 16 93 
TEST 10 ARG:8 9 69 25 60 62 28 7 21 45 78 56 19 17 63 75 85 74 51 36 20 59 15 37 95 89 40 29 77 81 10 47 87 35 73 64 92 14 23 93 43 80 18 50 49 67 4 96 30 16 83 55 38 27 94 5 76 53 42 97 48 41 39 0 70 91 66 6 84 98 3 68 99 71 46 90 24 82 34 72 32 44 54 31 52 1 26 33 12 22 88 13 2 61 58 57 79 65 86 11 
TEST 11 ARG:21 37 96 30 24 62 95 14 81 3 7 23 47 34 13 57 36 6 63 33 89 31 79 68 61 32 29 50 28 25 97 84 70 91 53 82 94 17 15 5 59 80 19 54 78 12 27 75 60 26 66 93 2 98 44 76 83 42 87 77 46 90 69 58 35 92 22 8 16 64 38 40 56 48 71 86 9 73 45 4 55 51 10 43 72 41 52 99 20 11 65 0 49 88 39 1 18 67 85 74 
TEST 12 ARG:39 90 60 78 67 57 56 92 22 72 26 3 98 76 15 4 84 81 96 80 9 35 75 49 14 45 40 37 53 7 77 31 28 50 79 36 63 99 42 0 95 5 24 29 2 59 33 38 91 85 32 12 23 89 88 19 30 20 58 1 71 13 69 44 16 74 66 25 52 10 62 82 61 27 51 17 43 93 18 34 54 73 6 46 65 55 70 87 8 47 11 94 21 41 68 64 97 83 48 86 
TEST 13 ARG:68 89 3 96 93 0 95 6 53 11 23 27 30 9 13 10 99 4 98 70 72 33 45 66 97 15 94 29 14 46 83 38 35 61 67 7 32 31 60 77 20 73 16 40 84 19 50 71 42 92 41 28 17 55 90 58 75 76 34 21 64 87 62 43 24 78 81 39 51 88 85 8 47 44 26 1 2 63 69 56 25 57 54 79 65 52 49 22 80 91 74 59 5 12 82 86 36 48 37 18 
TEST 14 ARG:1 69 57 58 75 15 59 9 48 94 62 17 23 31 32 49 72 68 24 67 43 14 66 22 84 33 71 5 53 56 98 45 21 79 40 11 35 2 99 36 74 96 61 86 6 55 37 80 20 82 52 7 34 63 18 76 95 78 51 85 44 0 30 26 97 12 10 64 39 27 65 91 89 4 60 54 77 38 28 93 16 73 70 90 13 50 47 87 88 29 83 3 46 19 42 8 25 92 41 81 
TEST 15 ARG:52 59 18 32 33 85 10 37 63 90 31 76 87 21 5 71 22 35 53 99 48 47 49 3 61 26 19 50 20 72 55 57 64 0 94 96 62 36 17 60 34 27 13 65 92 70 66 77 81 56 42 98 45 29 43 8 82 7 30 73 74 80 44 67 51 83 88 79 2 75 14 91 6 54 38 40 86 68 16 28 58 95 93 69 39 78 84 23 11 41 89 24 46 9 12 97 25 1 15 4 
TEST 16 ARG:44 99 51 25 43 97 86 77 75 56 81 22 1 19 4 13 17 95 45 68 3 34 85 36 55 79 49 7 47 52 2 35 38 98 74 83 9 76 31 21 12 69 5 91 54 15 53 78 66 27 65 58 50 72 6 28 40 61 24 0 41 80 90 71 23 70 42 20 94 84 87 18 64 37 30 14 63 33 10 67 32 96 60 29 26 39 88 8 57 62 92 11 89 59 48 93 16 82 73 46 
TEST 17 ARG:6 31 12 13 96 77 85 70 56 90 22 32 61 24 37 89 42 21 78 54 83 18 15 33 11 87 86 2 25 0 99 79 46 16 75 69 65 88 74 30 72 94 20 53 63 57 95 1 67 5 68 49 48 50 14 23 62 34 82 43 8 93 97 39 55 40 17 81 26 45 9 4 60 59 64 91 10 47 29 35 76 80 19 28 71 92 27 66 3 58 73 52 41 51 44 7 84 98 36 38 
TEST 18 ARG:72 41 95 98 84 20 89 31 74 75 24 87 7 85 25 79 78 71 94 90 80 37 38 26 6 17 61 57 65 36 60 35 9 34 44 70 45 21 86 30 55 22 96 8 91 11 92 46 48 2 52 13 67 43 40 15 56 49 0 81 3 53 18 27 83 88 68 29 82 69 32 28 73 58 12 10 64 14 76 39 54 42 99 59 16 19 33 50 62 5 51 66 1 23 93 4 97 63 77 47 
TEST 19 ARG:36 4 24 64 27 79 87 15 65 38 49 32 0 55 2 12 62 40 89 59 45 20 35 88 48 19 25 34 98 71 18 23 3 74 8 75 22 7 69 30 61 70 57 53 78 84 82 5 50 80 83 11 97 31 72 44 86 66 95 77 39 21 46 54 73 94 60 29 96 26 17 67 9 76 56 43 41 93 10 28 6 90 16 13 81 58 92 33 51 37 1 68 99 85 52 91 63 14 47 42 
TEST 20 ARG:24 20 12 86 93 30 87 55 63 92 25 51 76 17 70 65 54 38 34 57 53 15 85 6 58 73 11 27 97 18 1 81 9 47 2 75 96 14 74 42 39 48 98 52 78 71 94 60 35 77 68 10 16 8 13 84 64 49 79 89 4 19 3 0 69 45 82 37 95 50 33 23 31 36 59 26 29 40 21 7 88 46 44 41 91 80 66 43 28 72 56 5 61 32 22 83 67 90 62 99 
TEST 21 ARG:27 25 52 56 61 87 20 47 84 73 70 88 39 97 4 23 1 7 44 38 43 16 75 40 6 11 89 62 91 77 80 5 26 65 2 90 67 95 66 99 9 72 21 60 98 17 96 10 79 46 64 41 81 50 59 35 54 48 22 51 19 63 37 83 93 85 92 58 42 78 8 82 32 28 14 15 12 31 94 86 30 45 68 55 49 57 33 13 29 71 69 34 53 18 0 36 74 3 24 76 
TEST 22 ARG:73 50 36 84 68 48 26 2 97 89 72 46 16 28 41 92 79 47 61 39 85 35 55 42 18 0 14 94 59 40 21 4 83 11 5 15 32 13 33 86 30 43 12 78 70 98 31 49 34 69 51 3 8 82 87 99 17 20 77 27 54 24 9 10 38 76 63 44 22 64 66 90 19 74 95 57 56 67 52 29 88 96 93 1 37 71 25 62 81 6 58 45 53 65 75 23 80 91 7 60 
TEST 23 ARG:3 28 53 27 18 62 85 58 97 79 71 64 42 43 93 69 0 39 50 60 1 49 37 74 11 59 98 23 44 26 19 63 38 30 10 54 7 87 76 9 14 4 24 47 12 51 77 90 57 96 92 67 75 20 56 29 82 36 88 72 33 46 45 25 81 34 21 99 95 35 86 48 78 2 91 41 80 40 22 13 65 66 94 16 32 68 5 31 84 73 83 89 61 17 55 8 70 15 6 52 
TEST 24 ARG:77 13 34 22 41 59 17 95 26 76 37 90 71 92 85 47 74 40 23 56 4 42 50 83 55 39 27 3 6 24 21 63 84 14 5 73 38 99 72 93 18 82 49 51 52 10 45 58 44 98 89 81 33 67 62 35 80 69 61 75 30 48 43 2 36 20 19 96 57 46 8 16 88 11 29 31 12 94 97 79 87 65 25 86 64 0 60 91 53 15 78 54 9 32 68 70 1 28 7 66 
TEST 25 ARG:40 73 45 77 95 27 32 82 89 53 29 85 88 10 60 75 74 41 31 26 4 48 19 36 16 98 79 7 58 71 99 20 63 47 80 84 5 67 49 76 3 92 14 39 0 97 25 34 17 93 59 57 91 94 15 6 38 21 50 35 66 1 42 9 61 18 46 96 44 24 28 68 13 86 55 8 33 52 81 90 72 78 65 64 37 12 43 54 11 70 23 87 2 83 56 22 30 62 69 51 
TEST 26 ARG:51 48 46 33 45 13 62 27 63 44 98 12 38 5 96 97 3 30 50 29 37 85 34 10 6 31 19 15 70 2 35 93 16 74 42 87 28 77 91 9 47 92 90 57 58 26 7 66 40 65 61 84 54 79 55 89 22 80 67 0 76 81 83 18 14 71 69 17 86 11 60 8 20 88 24 39 32 1 36 73 78 64 95 49 53 52 25 4 59 72 56 68 75 43 21 94 23 41 99 82 
TEST 27 ARG:30 74 6 29 97 43 55 61 27 99 78 98 54 80 95 4 0 11 3 77 48 50 21 9 45 40 93 49 33 52 60 10 19 7 81 31 66 57 91 56 63 18 47 44 38 53 32 46 16 36 70 86 89 39 35 87 94 37 96 13 8 51 12 64 20 58 14 59 67 2 65 24 85 82 25 75 15 23 76 22 71 90 72 68 1 41 26 84 79 62 88 17 28 5 73 42 83 34 69 92 
TEST 28 ARG:70 47 60 89 34 57 81 91 76 29 51 99 75 50 11 36 96 97 8 42 31 28 48 87 62 26 80 46 2 84 27 0 13 9 49 56 66 92 24 32 78 20 79 37 65 90 61 22 12 14 7 68 35 44 18 86 83 94 88 77 43 93 15 30 67 52 73 59 5 4 16 85 25 33 23 98 38 3 1 45 40 95 21 10 19 69 74 54 72 53 6 41 71 64 63 17 39 82 55 58 
TEST 29 ARG:12 6 71 7 42 56 61 46 66 8 70 95 92 84 22 3 87 68 59 78 82 83 75 51 90 31 0 2 37 99 85 55 73 27 28 93 10 81 44 5 50 48 21 19 76 57 38 26 65 33 69 29 35 47 40 91 9 17 39 74 97 43 52 79 96 63 80 94 25 23 98 13 20 89 11 4 30 88 34 67 53 45 32 1 24 64 58 15 72 36 49 14 62 41 54 86 77 18 60 16 
TEST 30 ARG:29 13 86 53 46 68 94 79 82 54 40 77 34 95 5 28 12 59 80 81 31 30 26 22 3 21 24 88 85 83 97 15 23 6 98 43 41 27 38 20 8 42 52 89 91 9 1 56 14 47 49 63 73 18 51 62 32 44 4 45 93 57 71 99 17 96 76 2 25 58 65 61 0 50 78 16 39 48 36 55 37 35 7 60 66 33 92 74 67 72 11 84 19 87 75 10 69 70 90 64 
TEST 31 ARG:80 73 84 8 20 71 18 94 85 31 98 43 57 60 88 38 48 63 54 17 86 83 75 32 89 61 51 82 46 70 34 23 90 41 56 45 14 16 47 0 15 99 36 79 91 12 65 28 1 13 97 37 52 59 49 24 96 69 58 92 35 4 42 10 77 3 7 2 25 81 29 9 44 76 68 26 62 33 55 64 30 6 74 22 5 39 50 66 19 72 67 11 95 40 21 87 93 53 78 27 
TEST 32 ARG:56 14 55 98 38 22 37 90 42 69 5 2 9 67 52 27 20 88 7 75 63 11 13 46 35 68 80 57 24 70 33 93 10 78 92 45 6 66 62 81 30 25 71 23 16 61 28 54 87 39 95 59 21 31 34 12 82 17 48 72 83 4 19 1 60 94 0 29 74 40 26 73 79 50 64 89 15 3 51 47 8 44 18 43 53 65 32 41 85 84 77 96 86 58 99 97 76 49 36 91 
TEST 33 ARG:12 10 77 4 42 27 73 33 75 58 93 79 17 85 3 19 68 1 92 57 99 48 86 82 98 32 31 72 64 78 80 97 59 63 83 15 84 26 90 7 13 50 11 74 53 54 95 37 76 70 18 14 56 45 25 46 20 96 49 51 22 36 47 65 35 34 81 21 94 6 2 69 62 5 71 43 39 66 87 24 8 23 38 41 52 30 89 40 91 44 28 16 55 61 0 88 9 67 29 60 
TEST 34 ARG:36 89 6 78 28 96 65 19 73 63 91 88 32 55 81 43 72 2 37 66 71 27 41 85 68 44 24 29 54 98 40 69 42 1 46 60 56 25 3 34 84 45 14 64 90 67 97 10 77 49 61 51 26 18 31 62 79 13 53 8 33 30 39 16 15 80 95 5 92 86 22 48 35 4 7 11 20 70 50 12 82 94 74 87 17 47 59 93 83 0 99 76 58 57 38 9 52 75 23 21 
TEST 35 ARG:66 67 21 50 58 38 71 60 93 45 81 29 5 57 25 74 0 90 37 7 94 43 11 4 91 84 44 72 56 95 73 87 34 48 89 54 13 85 46 69 22 3 51 80 65 35 32 27 55 47 8 14 53 33 36 83 6 97 17 62 70 78 19 64 9 41 79 76 96 68 18 61 39 15 99 10 1 98 28 77 49 23 40 24 42 31 30 12 59 2 26 75 86 63 52 16 82 20 88 92 
TEST 36 ARG:31 33 46 79 73 99 28 2 40 93 85 65 29 53 9 59 51 13 8 58 24 55 27 20 67 3 42 23 32 52 96 56 71 94 63 1 5 11 74 47 7 98 81 36 21 90 88 37 41 66 61 18 50 4 12 15 10 87 82 68 78 48 91 60 30 84 17 44 70 83 75 77 80 57 16 49 14 25 69 62 92 89 0 97 54 39 76 6 95 22 34 45 38 64 72 35 19 86 26 43 
TEST 37 ARG:74 50 77 15 51 84 42 24 70 92 56 31 46 45 9 8 18 6 40 62 21 55 75 30 2 95 43 76 81 14 60 89 80 59 90 73 19 13 11 36 35 68 99 66 71 65 34 67 97 16 10 17 44 41 37 63 47 53 78 39 94 52 96 5 82 12 61 1 72 48 54 7 79 57 26 28 91 49 93 38 33 58 98 20 29 83 4 86 32 85 0 25 69 3 87 22 23 88 64 27 
TEST 38 ARG:41 91 62 0 29 47 24 66 98 23 80 85 6 58 84 35 53 34 28 2 36 44 22 72 88 9 12 26 15 65 97 87 5 60 40 75 39 13 46 42 83 59 14 25 43 16 48 17 37 61 31 63 93 68 76 78 18 79 27 90 82 74 49 38 57 54 99 19 30 94 52 3 67 55 1 95 21 64 81 32 89 86 20 77 45 96 71 4 8 50 11 10 69 33 73 56 7 70 92 51 
TEST 39 ARG:62 8 6 72 43 78 84 14 37 94 51 74 73 95 21 52 20 32 31 29 9 89 50 69 19 86 34 61 35 18 77 25 93 44 87 76 71 0 99 39 15 36 80 3 46 12 54 56 75 67 4 26 24 88 68 96 45 48 65 7 66 47 90 17 63 49 92 83 41 1 85 42 55 16 38 97 5 81 30 13 57 23 91 98 11 27 59 58 10 40 33 22 70 64 79 28 2 53 82 60 
TEST 40 ARG:34 60 99 66 33 65 49 25 88 79 32 24 28 20 51 26 12 58 38 80 42 71 56 22 7 31 29 2 59 5 30 40 84 48 16 64 35 73 10 46 53 68 69 83 55 19 95 1 62 50 85 72 27 78 77 67 15 3 4 43 57 89 94 14 70 97 91 17 54 41 75 63 96 74 93 36 6 45 76 37 39 82 87 23 61 47 21 8 98 44 92 18 13 9 86 11 90 52 0 81 
TEST 41 ARG:62 83 37 50 75 1 93 13 42 97 38 86 27 74 11 34 45 63 10 0 53 73 22 70 21 5 16 7 61 81 67 31 59 44 87 25 77 15 65 43 46 39 58 41 57 17 69 26 28 88 19 91 68 3 79 71 6 49 24 47 9 20 96 12 82 18 33 52 60 2 29 54 35 48 40 80 99 66 23 30 55 72 90 92 78 32 94 56 51 76 36 89 84 95 98 14 8 85 64 4 
TEST 42 ARG:65 88 42 55 57 63 61 2 34 17 11 39 59 93 81 25 5 45 49 4 9 10 95 85 36 14 50 46 86 71 3 33 1 32 76 38 67 7 31 8 64 37 99 98 27 16 23 0 79 51 28 22 92 56 91 82 75 70 66 53 96 78 74 12 29 68 60 90 21 54 40 47 48 15 87 20 44 6 77 13 62 52 94 72 97 24 80 73 43 30 35 41 89 58 69 18 83 84 26 19 
TEST 43 ARG:54 5 12 3 8 97 37 7 34 62 20 53 93 60 71 11 52 41 69 4 30 48 25 35 99 15 63 26 66 56 42 24 57 80 88 50 89 46 33 51 19 16 73 92 9 36 6 0 74 32 1 61 87 79 17 38 91 75 21 82 76 86 95 67 28 14 49 90 70 22 72 68 81 39 23 64 43 10 59 40 18 84 29 31 45 58 85 77 83 2 78 94 98 55 65 27 13 96 44 47 
TEST 44 ARG:72 42 75 93 89 81 44 59 29 48 18 87 56 11 52 15 13 31 8 70 69 23 61 82 65 83 6 32 60 10 30 46 99 97 7 12 28 19 79 25 21 66 96 77 74 90 51 3 24 67 94 27 36 14 57 37 4 85 73 86 64 9 49 98 88 2 63 35 40 58 33 91 41 84 1 47 20 55 50 71 54 78 76 22 80 45 17 39 53 38 62 26 43 0 34 95 16 5 68 92 
TEST 45 ARG:86 22 46 48 12 3 64 26 45 57 7 44 17 88 68 18 27 15 9 58 25 75 93 23 10 83 95 87 59 79 60 62 30 52 11 32 34 55 5 33 2 94 70 41 49 29 21 35 99 37 69 39 63 19 53 66 0 76 43 82 6 16 65 20 96 47 54 40 89 13 4 97 92 98 73 74 67 78 81 85 91 90 28 84 80 38 56 61 8 71 24 1 77 50 31 72 42 36 14 51 
TEST 46 ARG:4 65 72 85 96 44 35 83 31 49 14 53 66 6 87 59 98 90 89 58 77 13 54 56 16 2 88 9 7 97 43 20 24 91 25 79 92 34 40 64 61 69 84 0 19 27 52 48 81 18 60 75 51 15 12 30 23 71 68 36 47 95 73 28 76 39 32 3 5 38 93 11 74 67 17 55 8 26 37 99 80 29 86 33 21 63 62 46 78 1 22 45 50 41 70 57 10 82 42 94 
TEST 47 ARG:29 2 70 63 39 26 50 20 15 23 14 34 91 42 37 35 82 0 17 32 71 99 69 94 83 86 77 75 30 21 13 78 89 19 73 72 9 68 47 28 27 76 3 58 54 4 5 95 48 61 53 92 25 49 18 51 74 84 66 93 60 43 55 33 97 90 16 1 80 56 79 10 38 52 36 81 7 45 41 44 65 64 59 62 6 46 96 11 98 85 88 24 22 12 8 40 57 87 67 31 
TEST 48 ARG:25 13 3 87 12 42 98 36 35 78 11 83 26 50 5 24 21 72 55 73 23 71 76 54 49 85 52 79 66 40 60 29 99 77 64 65 63 74 31 46 81 28 84 15 61 30 44 7 93 48 41 96 82 57 67 10 80 75 16 58 45 1 33 18 4 47 62 70 39 90 0 59 95 8 34 68 89 94 20 91 92 2 88 53 86 43 19 22 38 37 97 27 6 14 69 51 17 56 32 9 
TEST 49 ARG:48 91 57 90 60 53 66 7 92 61 28 45 34 67 68 3 6 96 21 17 39 88 69 84 77 59 89 13 87 55 4 2 42 32 0 54 25 24 10 56 49 30 83 20 85 62 46 22 74 16 95 18 79 37 65 81 5 35 98 43 52 15 93 11 12 8 44 82 41 63 78 29 27 19 9 31 99 14 1 97 75 26 73 58 94 76 23 40 86 71 51 47 36 50 70 33 38 72 80 64 
TEST 50 ARG:95 85 48 93 87 79 65 0 5 69 96 80 32 83 71 86 72 37 98 43 17 60 68 24 91 50 47 8 15 66 2 74 4 10 89 61 78 26 90 7 36 75 73 1 29 30 94 76 21 40 20 63 55 64 88 59 45 35 14 23 41 46 49 97 19 28 82 18 3 11 52 70 25 31 44 6 81 33 9 39 56 27 58 54 62 99 67 16 77 84 57 13 51 34 42 22 12 38 53 92 
TEST 51 ARG:59 88 95 21 65 50 15 20 53 80 89 79 41 84 90 22 45 87 26 31 61 37 64 4 97 58 48 83 92 9 63 98 93 68 47 44 72 74 5 17 73 23 54 7 46 42 55 29 12 36 70 2 18 60 19 78 33 82 39 66 69 28 14 81 34 16 96 94 27 10 38 24 11 86 43 3 62 85 51 6 13 30 25 0 57 56 35 49 71 99 32 76 91 40 52 67 1 8 75 77 
TEST 52 ARG:56 80 76 0 48 34 84 97 70 36 3 21 40 51 74 31 5 22 83 27 29 33 75 98 42 38 6 99 72 12 23 77 94 95 79 62 64 18 59 86 26 67 47 49 85 68 61 10 15 35 9 96 32 1 87 25 16 43 39 14 50 81 93 82 90 13 78 17 58 89 2 55 65 63 52 60 37 30 11 44 71 45 88 66 46 24 53 20 69 8 7 41 73 19 28 91 54 57 4 92 
TEST 53 ARG:2 90 95 36 30 74 49 96 21 40 22 81 76 65 38 51 80 17 66 75 14 10 54 59 12 43 85 6 99 18 28 26 78 41 50 7 52 84 34 61 46 56 37 48 93 4 92 77 32 19 5 72 53 11 57 97 42 94 86 31 58 89 69 33 73 23 83 39 3 60 98 9 1 25 29 0 70 44 87 47 45 79 13 67 91 62 88 71 20 82 64 16 68 15 63 35 27 8 24 55 
TEST 54 ARG:90 89 52 92 80 33 48 77 72 9 37 44 76 20 82 2 69 40 65 97 71 41 47 3 87 53 25 73 79 83 5 85 24 58 54 21 55 26 16 35 46 34 39 94 28 31 88 7 51 99 57 23 62 14 96 42 61 10 38 84 6 56 1 8 93 78 74 98 67 95 64 30 36 66 27 12 45 63 60 50 11 13 0 68 4 49 15 59 32 81 22 18 70 86 91 75 29 19 43 17 
TEST 55 ARG:11 58 68 66 5 70 18 87 31 48 69 82 50 42 23 67 43 73 55 85 63 88 79 46 49 96 65 64 83 99 39 37 4 76 53 86 41 92 30 32 35 2 19 22 40 16 15 34 98 57 80 75 81 3 74 51 20 60 26 52 62 1 45 90 13 59 78 77 29 33 21 56 95 38 25 93 97 28 0 47 10 84 24 61 44 36 12 89 72 94 71 6 8 14 7 9 17 91 27 54 
TEST 56 ARG:57 68 23 10 91 9 50 34 19 38 13 41 8 58 83 32 25 18 3 14 69 90 61 84 95 51 89 98 11 56 39 0 20 28 45 21 64 77 94 4 85 5 43 37 16 81 79 46 42 60 93 29 48 55 35 59 96 24 67 30 82 99 53 97 26 1 62 22 73 47 54 33 92 75 52 70 31 76 15 88 40 78 44 49 36 71 74 63 87 66 2 17 72 86 80 6 65 27 7 12 
TEST 57 ARG:57 45 56 99 29 74 79 86 9 60 64 42 26 49 71 15 54 35 53 73 14 96 0 81 19 83 58 34 69 72 89 4 47 8 44 63 84 87 95 67 24 38 76 98 1 51 82 93 77 18 25 94 85 40 20 22 7 70 36 61 91 30 10 12 5 66 97 37 23 17 46 2 52 59 6 50 27 88 62 39 65 33 28 11 43 31 13 78 32 41 48 80 90 75 68 92 55 3 16 21 
TEST 58 ARG:38 88 52 66 41 85 49 60 8 93 83 32 90 22 2 69 96 31 98 19 24 35 79 0 65 11 5 81 6 73 67 86 62 54 95 84 45 68 58 57 12 15 99 29 94 64 7 80 10 43 78 20 13 77 27 46 56 72 23 34 39 74 42 48 33 44 17 63 47 53 97 4 71 1 61 82 40 70 28 26 21 36 14 59 91 92 30 50 37 55 18 9 75 3 51 87 89 76 16 25 
TEST 59 ARG:67 94 27 13 47 53 9 84 83 54 72 14 70 38 8 98 68 35 77 63 56 2 18 22 82 59 65 88 15 85 29 78 0 73 52 96 11 44 80 24 34 75 1 91 28 62 17 50 64 20 74 89 5 58 32 7 19 45 99 41 61 79 6 33 4 30 26 39 57 51 46 97 21 92 60 87 48 25 49 81 12 3 36 16 37 10 95 42 90 76 71 23 93 43 55 66 86 69 40 31 
TEST 60 ARG:56 5 53 36 38 98 89 49 31 15 21 50 97 71 96 9 24 58 42 52 44 20 26 51 34 27 43 2 30 47 59 46 88 54 62 41 87 70 14 94 76 16 6 91 45 37 92 72 82 60 0 81 93 85 17 99 79 75 23 67 61 83 95 78 29 4 74 64 86 84 48 13 57 80 10 25 68 55 7 65 40 12 35 22 73 28 32 77 8 18 19 1 11 33 3 90 39 69 66 63 
TEST 61 ARG:9 48 21 37 60 6 92 95 19 31 25 91 50 85 99 69 67 57 52 0 96 83 79 13 3 87 56 64 94 53 24 88 74 10 80 1 15 29 17 63 41 40 8 98 28 86 55 18 70 54 34 20 14 33 44 4 84 68 47 22 38 5 82 78 62 32 58 27 7 45 72 16 77 49 76 51 66 89 90 39 11 30 71 12 59 73 2 61 23 26 75 65 93 43 46 36 97 81 42 35 
TEST 62 ARG:89 59 35 18 2 27 12 84 28 92 44 91 30 49 25 37 15 73 7 66 31 5 95 26 4 0 9 33 21 19 81 72 56 14 67 22 71 77 1 58 43 61 76 65 68 94 52 24 23 50 29 85 39 55 80 6 53 62 74 42 75 98 70 10 93 11 17 83 97 36 48 69 88 86 51 46 32 79 16 54 87 96 99 3 47 13 34 45 41 20 90 8 78 64 82 40 57 60 63 38 
TEST 63 ARG:31 6 89 52 25 72 7 68 92 61 29 65 33 85 75 76 95 11 54 36 0 14 27 19 39 96 21 56 97 74 79 42 1 2 44 13 83 49 47 18 77 86 20 59 93 84 88 53 87 10 17 69 55 66 60 81 28 32 48 90 91 51 4 9 73 12 35 24 99 34 38 50 71 63 94 58 16 40 46 23 80 98 62 41 70 57 67 45 8 78 64 5 43 82 37 26 30 22 15 3 
TEST 64 ARG:21 79 33 81 88 3 23 45 67 39 54 40 64 47 19 24 17 43 80 95 86 82 14 4 31 44 52 48 27 92 50 15 30 8 90 58 26 51 56 29 11 5 20 74 61 35 99 65 59 97 73 68 70 10 9 71 12 1 77 41 2 85 38 84 78 72 34 57 16 94 83 63 75 0 98 22 6 37 49 96 53 66 7 42 55 69 36 76 25 89 93 46 18 28 91 87 60 62 13 32 
TEST 65 ARG:68 8 42 14 48 17 34 95 80 82 65 38 3 58 0 70 96 78 84 27 86 69 74 91 29 98 31 1 52 85 93 46 60 92 56 32 5 10 9 24 6 25 87 49 94 15 61 66 50 22 51 11 75 36 64 19 28 2 88 59 67 76 89 40 35 72 45 23 18 20 63 39 13 81 41 16 54 12 37 57 79 99 90 97 30 53 7 43 83 26 77 33 62 47 73 4 55 44 21 71 
TEST 66 ARG:26 75 86 78 37 12 58 66 21 70 10 50 13 43 71 99 92 30 57 80 39 34 6 55 84 72 73 53 9 1 31 94 97 32 95 62 29 81 64 76 8 11 89 33 19 44 85 47 91 67 45 3 93 98 15 54 38 46 59 5 96 51 7 48 22 4 56 42 14 49 35 28 87 83 90 17 74 68 65 63 77 20 61 88 18 40 69 25 52 27 79 2 24 82 41 16 0 60 36 23 
TEST 67 ARG:82 29 73 75 27 30 21 54 26 40 1 33 45 93 35 94 43 16 17 13 32 60 46 55 15 62 25 66 70 3 78 91 74 28 22 92 24 56 5 96 34 11 9 53 18 51 99 31 8 63 42 87 23 36 97 77 20 59 6 44 14 0 57 95 67 41 65 83 88 85 64 4 19 52 81 38 68 58 84 10 86 69 61 12 98 49 71 2 76 90 80 39 50 79 47 48 7 89 37 72 
TEST 68 ARG:97 27 57 56 14 38 71 52 9 22 18 89 25 3 51 95 19 35 5 12 84 77 72 54 74 80 93 68 88 65 10 90 67 42 94 30 16 69 37 60 1 50 4 99 92 15 0 66 78 2 17 34 81 55 44 73 49 26 45 82 91 39 41 43 40 98 31 62 83 85 33 47 21 86 24 58 13 28 63 64 79 29 46 23 75 59 70 8 96 20 76 48 32 7 53 6 36 87 61 11 
TEST 69 ARG:94 84 79 57 29 65 96 33 48 1 86 2 87 17 77 64 44 80 46 83 39 41 16 45 15 18 95 97 75 92 10 30 14 42 73 20 93 4 99 68 43 52 55 50 40 56 54 91 19 60 51 47 9 74 34 63 27 13 58 31 24 35 69 72 5 11 66 88 71 6 0 78 36 3 81 8 7 53 49 12 32 37 28 70 85 38 26 21 62 25 23 59 90 67 89 22 82 76 98 61 
TEST 70 ARG:26 33 49 72 57 70 34 86 69 24 97 93 89 39 84 74 17 35 28 11 55 25 92 15 1 40 62 8 78 14 32 95 22 27 18 98 38 91 88 85 20 45 4 37 59 61 19 6 50 60 36 9 82 47 56 30 66 68 2 75 42 79 73 80 29 41 53 46 0 58 54 83 90 65 52 13 87 76 3 48 16 44 12 67 71 64 81 63 99 10 23 94 96 51 31 5 21 43 7 77 
TEST 71 ARG:68 52 28 63 16 45 73 88 35 70 59 57 0 9 13 23 95 15 55 19 71 58 65 77 7 85 89 8 96 72 76 81 20 83 75 92 47 99 43 38 74 66 33 69 53 12 32 91 67 49 54 51 61 94 97 4 41 46 17 39 44 42 34 64 80 5 21 78 40 3 50 87 62 25 56 1 11 86 26 60 27 29 82 24 48 6 98 14 18 10 37 93 90 84 36 31 30 79 2 22 
TEST 72 ARG:58 26 9 25 55 7 82 3 90 61 49 62 41 68 52 27 73 65 66 1 4 47 54 17 15 6 20 22 60 77 38 36 35 74 67 94 43 78 13 86 64 91 85 34 23 56 12 39 31 83 45 79 81 40 0 96 70 87 24 29 75 8 46 98 5 50 14 28 44 71 92 97 16 19 93 80 99 69 48 84 59 76 42 57 72 53 33 11 30 18 10 51 2 63 32 88 21 37 89 95 
TEST 73 ARG:62 22 76 89 97 58 14 4 73 3 69 15 28 43 78 18 10 94 23 72 37 40 6 51 27 56 54 90 53 13 46 81 7 17 31 52 77 71 67 57 55 48 88 11 65 85 20 16 44 38 8 70 26 32 36 19 91 84 2 80 33 34 66 75 49 83 1 12 5 86 93 74 98 95 96 42 47 92 21 63 61 9 25 87 0 41 68 29 79 30 99 60 50 24 64 39 59 82 45 35 
TEST 74 ARG:3 88 20 87 66 80 17 53 58 15 56 38 64 82 54 78 36 41 18 21 76 83 25 84 94 7 68 34 91 60 43 73 45 89 44 19 72 32 48 12 22 63 11 28 51 46 29 98 85 74 35 13 47 2 26 33 79 99 90 55 27 39 97 96 6 67 81 5 95 14 40 37 30 65 10 4 77 52 86 0 9 16 69 75 50 23 24 59 70 31 57 49 71 62 8 61 93 42 92 1 
TEST 75 ARG:39 85 32 92 29 90 47 98 57 75 41 14 19 94 16 45 28 51 71 49 15 35 31 1 30 25 68 58 66 78 62 53 27 74 56 52 42 38 4 54 73 33 88 40 91 67 60 6 8 96 93 34 70 82 21 80 5 76 89 9 81 64 26 77 12 24 48 87 59 11 83 99 55 22 10 86 44 0 63 65 37 2 50 69 72 20 84 95 23 17 46 36 13 43 18 97 79 3 61 7 
TEST 76 ARG:44 61 47 43 52 88 62 94 16 32 53 22 20 30 98 65 2 87 33 50 0 69 28 93 51 10 13 91 72 84 18 45 8 78 6 76 89 96 79 39 5 90 21 37 56 64 42 67 36 55 35 86 70 58 3 26 99 57 29 54 85 71 15 12 66 49 63 92 27 81 40 17 60 25 80 1 38 68 24 46 7 11 31 14 41 97 4 59 73 34 19 23 75 82 77 74 83 95 9 48 
TEST 77 ARG:77 6 53 4 41 26 59 91 42 51 10 81 65 73 99 78 25 52 67 90 2 85 13 62 96 38 56 32 47 58 7 50 98 71 76 93 70 75 17 33 57 1 82 34 9 46 69 44 3 68 21 97 87 11 0 48 74 12 83 36 61 40 18 27 19 43 94 22 88 24 89 14 64 60 54 30 16 8 28 79 15 72 37 66 39 80 31 95 84 55 92 29 20 35 5 86 45 63 49 23 
TEST 78 ARG:9 5 7 10 70 67 61 77 2 0 35 46 44 64 99 47 82 41 48 87 62 36 55 38 32 54 11 21 17 79 24 37 31 68 81 51 58 53 8 25 6 19 18 57 4 49 74 71 13 23 26 96 91 3 29 16 42 92 69 86 63 66 97 40 83 27 43 88 34 60 93 98 80 90 52 12 89 56 72 1 50 33 75 14 28 20 76 78 59 94 45 15 22 39 30 84 65 73 85 95 
TEST 79 ARG:58 31 8 77 62 7 20 36 67 2 96 92 26 49 64 85 75 74 38 33 0 47 3 24 80 41 72 16 98 9 23 69 50 4 45 91 65 61 39 86 1 81 84 83 73 76 79 44 60 71 32 52 48 34 15 99 17 10 22 88 97 42 53 37 46 19 14 55 51 35 94 27 93 56 43 54 95 25 59 12 82 66 68 90 89 28 40 87 6 29 63 11 70 18 5 13 57 30 78 21 
TEST 80 ARG:34 2 29 9 39 25 20 92 49 59 51 72 63 66 44 81 95 42 27 94 46 23 36 31 8 16 69 22 73 71 32 17 98 56 18 37 85 84 82 77 50 3 13 64 57 68 11 33 5 53 89 80 74 26 4 28 97 41 61 76 62 60 12 48 90 35 15 52 40 38 96 78 14 10 83 93 55 19 88 7 65 30 24 79 6 43 0 91 21 87 70 67 86 54 58 45 75 1 99 47 
TEST 81 ARG:1 46 30 74 66 60 82 36 68 6 13 50 44 10 8 89 57 23 37 64 25 97 33 12 96 83 53 16 73 24 4 42 77 28 79 70 34 9 27 62 31 0 63 85 15 52 91 65 93 69 11 92 2 40 45 35 29 75 22 14 99 39 51 43 38 81 90 94 76 26 20 17 54 98 87 55 71 18 56 84 41 72 3 95 49 19 47 5 80 78 67 48 61 88 7 86 58 59 32 21 
TEST 82 ARG:49 7 11 26 45 56 97 75 25 21 50 1 37 8 48 71 67 80 92 44 60 41 98 52 59 23 96 24 99 85 6 94 20 39 57 90 31 3 70 17 2 65 47 30 12 15 27 64 69 33 63 40 16 10 46 78 83 38 93 36 53 0 18 62 86 58 9 81 84 4 55 42 19 14 95 5 68 79 22 34 88 51 66 82 87 73 76 72 28 89 77 35 32 43 91 74 61 13 29 54 
TEST 83 ARG:81 31 15 80 46 40 85 83 55 48 75 29 34 49 2 20 64 63 51 5 91 70 92 69 27 58 73 72 18 47 21 8 19 24 22 82 65 44 60 33 62 94 96 54 41 17 77 13 42 11 43 53 10 74 16 95 86 89 76 93 30 57 37 3 12 50 68 99 23 79 36 87 28 71 84 90 88 61 38 0 26 56 59 98 25 14 78 35 52 67 9 45 4 39 97 66 1 6 7 32 
TEST 84 ARG:59 78 21 20 31 52 17 68 76 61 38 6 51 55 2 26 15 93 34 98 80 84 50 30 74 73 77 91 71 72 18 62 85 7 12 89 29 58 27 87 45 47 8 67 83 60 94 63 3 99 14 53 5 37 54 79 86 28 97 41 16 32 0 4 70 23 43 22 64 65 24 13 75 44 10 36 95 46 48 40 25 66 82 96 19 39 56 9 81 90 88 69 92 49 1 35 11 33 42 57 
TEST 85 ARG:55 33 86 72 73 96 20 56 40 76 70 64 98 84 47 53 26 24 54 16 15 68 67 10 43 17 78 89 95 74 91 69 80 59 46 14 65 60 79 50 28 99 31 81 38 0 61 37 45 49 83 75 23 57 90 8 77 18 82 63 39 19 4 1 2 30 11 29 35 58 21 87 5 6 34 62 9 7 97 85 88 52 94 93 25 12 51 92 3 44 22 13 66 36 32 71 42 48 41 27 
TEST 86 ARG:72 52 35 32 15 38 85 82 25 45 2 60 69 76 40 0 18 93 17 42 16 71 55 11 22 6 20 8 50 36 9 86 57 91 61 13 29 94 49 39 48 70 68 14 41 54 96 92 21 83 53 44 62 81 31 4 58 30 90 19 89 24 65 59 33 5 87 66 27 64 28 79 97 99 78 84 37 77 1 7 67 43 26 98 46 34 51 80 47 73 12 88 23 3 95 10 75 63 56 74 
TEST 87 ARG:81 61 37 84 44 24 36 43 54 91 42 74 65 35 0 7 70 88 85 45 19 59 46 3 97 34 64 27 98 95 33 12 6 31 26 82 67 72 21 14 50 28 9 38 78 17 10 49 13 30 1 8 20 57 22 71 52 55 53 16 18 83 86 48 25 73 40 29 32 63 76 41 60 94 87 68 51 11 58 77 69 56 23 4 90 62 93 92 5 79 2 80 47 96 75 89 66 15 99 39 
TEST 88 ARG:14 33 75 93 86 39 87 70 11 7 37 69 10 57 64 46 30 0 2 49 31 12 40 43 20 67 23 74 77 61 71 50 62 26 99 25 36 45 96 80 83 34 94 3 90 16 79 17 98 58 41 9 53 21 73 68 48 35 42 24 78 1 92 8 44 88 65 47 55 72 15 85 52 29 76 6 97 4 38 28 5 51 81 82 60 66 19 84 56 91 59 13 22 54 18 27 95 32 89 63 
TEST 89 ARG:2 56 59 75 4 38 45 57 89 37 64 11 29 39 68 61 86 5 53 28 84 20 23 95 85 8 99 15 6 93 65 90 98 27 70 30 10 21 34 81 80 71 40 66 67 79 52 44 43 46 19 83 51 7 17 54 77 60 92 12 0 58 3 96 49 63 41 18 22 9 35 32 88 24 31 26 62 91 25 16 72 13 94 47 48 97 50 69 1 33 78 76 55 82 74 14 36 87 73 42 
TEST 90 ARG:51 10 0 96 72 58 95 73 5 45 31 17 98 42 89 13 71 46 7 50 32 38 97 62 82 64 6 18 9 55 61 81 57 22 26 29 19 39 33 85 41 20 54 2 28 12 11 52 44 56 59 34 30 1 80 77 36 69 79 24 35 27 90 94 60 91 88 67 16 86 25 93 53 65 49 76 47 83 40 23 66 15 14 99 75 84 21 92 37 87 78 74 43 63 4 68 48 70 8 3 
TEST 91 ARG:80 81 47 43 24 9 78 36 97 88 1 4 85 37 91 38 57 50 90 26 84 64 15 33 73 31 10 29 14 69 55 70 75 51 63 34 19 71 41 68 21 11 86 0 83 76 6 44 54 99 82 8 32 30 52 87 62 65 56 17 77 35 94 42 95 53 98 59 22 45 66 12 46 92 27 60 13 61 48 67 25 28 18 3 96 79 7 20 2 5 58 89 40 39 16 49 74 72 23 93 
TEST 92 ARG:80 9 97 28 85 94 88 62 74 37 39 14 13 27 47 19 33 68 70 16 22 12 67 46 99 32 86 89 30 2 72 75 4 25 15 87 91 24 96 60 93 92 50 11 20 53 3 49 71 6 59 0 17 21 57 54 45 34 84 76 58 82 10 29 78 26 65 95 51 48 35 8 36 52 69 77 43 40 81 31 61 56 73 79 42 63 83 1 98 41 44 23 18 7 90 66 64 55 5 38 
TEST 93 ARG:72 46 94 17 38 58 55 2 32 61 73 52 67 71 39 8 11 60 74 15 48 79 80 63 16 87 34 5 10 83 29 47 22 1 14 84 21 77 45 96 4 26 28 76 37 86 0 33 6 91 35 41 85 90 57 42 75 40 56 53 68 59 51 7 19 44 3 54 18 65 89 95 27 93 31 99 88 13 36 43 49 62 12 66 70 97 78 30 82 64 98 92 25 50 81 9 24 69 23 20 
TEST 94 ARG:28 42 13 38 31 98 10 76 0 20 43 96 78 89 54 86 24 68 66 61 22 99 26 83 74 19 91 92 9 14 4 85 53 51 62 29 49 39 64 17 41 18 57 21 12 15 32 58 80 71 90 79 84 48 93 82 69 2 94 65 81 70 63 7 95 36 47 35 16 88 3 33 1 11 60 27 67 34 40 75 25 52 55 45 97 87 72 46 56 8 30 77 37 73 6 23 44 5 50 59 
TEST 95 ARG:41 68 8 48 0 58 19 98 52 67 62 12 6 42 45 27 24 91 40 33 53 23 74 55 92 3 54 88 44 84 75 17 56 36 1 9 99 43 66 83 70 29 21 90 38 11 86 35 15 34 13 47 7 81 93 78 69 87 80 57 20 18 28 25 61 64 32 5 71 65 37 79 16 50 60 72 76 4 89 82 26 14 77 97 63 85 73 10 46 39 22 31 96 49 51 2 30 59 94 95 
TEST 96 ARG:73 78 82 18 9 69 4 59 66 39 86 63 21 61 74 98 45 24 50 85 25 1 19 81 76 32 96 13 67 34 3 10 15 44 29 71 65 6 95 31 57 16 20 97 80 89 2 83 5 7 68 75 56 37 48 99 8 55 88 23 42 30 11 43 27 93 38 84 51 49 40 52 53 91 47 90 58 41 22 77 72 28 87 17 60 14 64 54 12 62 46 26 94 33 35 0 70 36 79 92 
TEST 97 ARG:68 13 54 96 1 7 85 20 62 72 86 36 33 77 45 46 73 79 10 30 59 53 24 11 94 25 15 43 82 52 78 4 99 51 87 98 9 60 12 31 81 21 65 6 92 58 3 28 14 44 67 95 61 74 48 37 75 90 91 71 8 84 57 97 29 5 76 23 26 93 49 34 50 89 0 88 22 27 2 80 32 63 83 40 56 38 17 64 18 42 16 39 47 19 69 66 35 41 55 70 
TEST 98 ARG:67 0 36 7 54 80 81 83 6 46 2 31 63 96 52 59 62 92 37 84 12 28 85 95 5 77 78 94 29 61 91 15 3 60 89 70 45 32 49 41 51 88 53 4 25 34 87 27 73 19 55 13 26 38 75 24 43 17 10 39 33 97 93 68 8 90 16 1 71 47 9 69 79 14 98 18 30 50 58 40 11 82 76 44 21 48 74 56 20 72 22 86 64 65 35 23 42 66 99 57 
